[gd_scene load_steps=8 format=3 uid="uid://baxnu31nuk6m2"]

[ext_resource type="PackedScene" uid="uid://cineohklct61" path="res://Assets/KayKit_Adventurers_1.0_FREE/Characters/fbx/Barbarian.fbx" id="1_hguwa"]
[ext_resource type="AnimationLibrary" uid="uid://c3g7k5bj3tt8s" path="res://Assets/anims/barbarian_anims.res" id="2_sq5f6"]
[ext_resource type="AnimationNodeStateMachine" uid="uid://0pg6c0ro5dxm" path="res://Assets/barb_state_machine.tres" id="3_p6td5"]

[sub_resource type="GDScript" id="GDScript_sq5f6"]
script/source = "extends Node3D

@export var left_arm:MeshInstance3D
@export var right_arm:MeshInstance3D
@export var head:MeshInstance3D
@export var hat:MeshInstance3D
@export var body:MeshInstance3D

@export var weapon:MeshInstance3D

@export var held_objects:Dictionary[String,BoneAttachment3D]


@export var axe_hit_box:Area3D
"

[sub_resource type="BoxShape3D" id="BoxShape3D_jaeif"]
size = Vector3(0.655273, 0.545975, 0.175629)

[sub_resource type="Animation" id="Animation_b1nvr"]
length = 0.001
tracks/0/type = "value"
tracks/0/imported = false
tracks/0/enabled = true
tracks/0/path = NodePath("Rig/Skeleton3D/1H_Axe/HitBoxArea3D/CollisionShape3D:disabled")
tracks/0/interp = 1
tracks/0/loop_wrap = true
tracks/0/keys = {
"times": PackedFloat32Array(0),
"transitions": PackedFloat32Array(1),
"update": 1,
"values": [true]
}
tracks/1/type = "value"
tracks/1/imported = false
tracks/1/enabled = true
tracks/1/path = NodePath("Rig/Skeleton3D/1H_Axe/1H_Axe:visible")
tracks/1/interp = 1
tracks/1/loop_wrap = true
tracks/1/keys = {
"times": PackedFloat32Array(0),
"transitions": PackedFloat32Array(1),
"update": 1,
"values": [true]
}

[sub_resource type="AnimationLibrary" id="AnimationLibrary_ubqvv"]
_data = {
&"RESET": SubResource("Animation_b1nvr")
}

[node name="Barbarian" node_paths=PackedStringArray("left_arm", "right_arm", "head", "hat", "body", "weapon", "held_objects", "axe_hit_box") instance=ExtResource("1_hguwa")]
script = SubResource("GDScript_sq5f6")
left_arm = NodePath("Rig/Skeleton3D/Barbarian_ArmLeft")
right_arm = NodePath("Rig/Skeleton3D/Barbarian_ArmRight")
head = NodePath("Rig/Skeleton3D/Barbarian_Head")
hat = NodePath("Rig/Skeleton3D/Barbarian_Hat/Barbarian_Hat")
body = NodePath("Rig/Skeleton3D/Barbarian_Body")
weapon = NodePath("Rig/Skeleton3D/1H_Axe/1H_Axe")
held_objects = {
"big_axe": NodePath("Rig/Skeleton3D/2H_Axe"),
"mug": NodePath("Rig/Skeleton3D/Mug"),
"shield": NodePath("Rig/Skeleton3D/Barbarian_Round_Shield"),
"small_axe": NodePath("Rig/Skeleton3D/1H_Axe"),
"small_axe_offhand": NodePath("Rig/Skeleton3D/1H_Axe_Offhand")
}
axe_hit_box = NodePath("Rig/Skeleton3D/1H_Axe/HitBoxArea3D")

[node name="Skeleton3D" parent="Rig" index="0"]
bones/1/position = Vector3(-2.36658e-30, 0.375065, 0)
bones/1/rotation = Quaternion(-1.11128e-10, 0.0431578, 2.57241e-09, 0.999068)
bones/2/rotation = Quaternion(5.34989e-15, 1.3312e-30, -2.498e-16, 1)
bones/3/rotation = Quaternion(6.93889e-18, -1.79843e-41, -2.22045e-16, 1)
bones/5/position = Vector3(0.212007, 0.134132, 8.33072e-08)
bones/5/rotation = Quaternion(-0.554023, -0.0566227, -0.638067, 0.531717)
bones/6/rotation = Quaternion(-6.85939e-09, -1.91412e-08, -0.514017, 0.85778)
bones/8/rotation = Quaternion(-0.321849, -0.33571, 0.150443, 0.872398)
bones/9/position = Vector3(1.43316e-08, 0.0961252, -0.0575)
bones/9/rotation = Quaternion(0.000625645, 0.00062569, -0.704787, 0.709419)
bones/12/position = Vector3(-0.212007, 0.134132, 8.88951e-08)
bones/12/rotation = Quaternion(-0.612439, 0.0772128, 0.613217, 0.492871)
bones/13/rotation = Quaternion(-9.79872e-09, 4.98802e-08, 0.53645, 0.843932)
bones/15/rotation = Quaternion(-0.320719, 0.31184, -0.232534, 0.863611)
bones/16/position = Vector3(-2.08809e-09, 0.0961252, -0.0575001)
bones/16/rotation = Quaternion(0.00200488, 0.00236139, 0.705012, 0.709189)
bones/20/rotation = Quaternion(-5.80654e-11, -0.0313417, -1.88013e-09, 0.999509)
bones/22/position = Vector3(0.170945, 0.113587, 1.18263e-08)
bones/22/rotation = Quaternion(0.990864, 0.0833278, 0.0777665, 0.0720889)
bones/23/rotation = Quaternion(0.355474, 4.00568e-08, -1.42124e-07, 0.934686)
bones/24/rotation = Quaternion(-0.600769, -0.203114, 0.0696064, 0.77005)
bones/25/rotation = Quaternion(7.17488e-09, 0.920355, -0.391084, 1.41632e-07)
bones/26/position = Vector3(-0.170945, 0.113587, 1.74142e-08)
bones/26/rotation = Quaternion(0.993006, -0.0324402, 0.0301832, 0.109431)
bones/27/rotation = Quaternion(0.403961, -3.65157e-08, 1.96898e-07, 0.914776)
bones/28/rotation = Quaternion(-0.628473, 0.113103, -0.0200151, 0.769305)
bones/29/rotation = Quaternion(-3.18979e-09, 0.920355, -0.391084, -1.43326e-07)
bones/30/rotation = Quaternion(0.707107, -2.29302e-07, -4.60551e-08, 0.707107)
bones/31/position = Vector3(0.202182, 0.0259903, 0.205181)
bones/31/rotation = Quaternion(-0.707107, -7.05285e-08, -7.05285e-08, 0.707107)
bones/32/position = Vector3(2.10391e-08, 0.362833, -2.00092e-08)
bones/32/rotation = Quaternion(9.65792e-09, 1.77955e-09, 0.985719, -0.168398)
bones/33/position = Vector3(-1.40994e-10, 0.213436, -2.63467e-10)
bones/33/rotation = Quaternion(-1.28417e-07, 0.391084, 0.920355, -9.01132e-08)
bones/34/position = Vector3(5.9961e-09, 0.16565, 0)
bones/37/rotation = Quaternion(0.707107, -3.82385e-08, 1.45009e-07, 0.707107)
bones/38/rotation = Quaternion(-0.707107, -7.05285e-08, -7.05285e-08, 0.707107)
bones/39/rotation = Quaternion(-5.83589e-09, 6.43837e-10, 0.994809, 0.101756)
bones/40/position = Vector3(1.31306e-08, 0.213436, 1.7969e-09)
bones/40/rotation = Quaternion(-1.27811e-07, 0.391084, 0.920355, -9.03709e-08)
bones/41/position = Vector3(2.55539e-08, 0.16565, 8.3819e-09)
bones/44/rotation = Quaternion(-0.707107, -7.27951e-08, -7.27951e-08, 0.707107)
bones/45/position = Vector3(0.520841, 0.779464, -0.0576374)
bones/45/rotation = Quaternion(-0.794627, 1.2666e-07, -0.607098, 3.72529e-09)
bones/46/rotation = Quaternion(-0.707107, -7.27951e-08, -7.27951e-08, 0.707107)
bones/47/position = Vector3(-0.510844, 0.779464, 0.0597369)
bones/47/rotation = Quaternion(-0.758253, -1.52737e-07, 0.651961, 2.98023e-08)

[node name="Barbarian_Cape" parent="Rig/Skeleton3D" index="0"]
transform = Transform3D(0.996275, -1.38015e-09, 0.0862353, 1.36097e-09, 1, 2.81247e-10, -0.0862353, -1.62828e-10, 0.996275, -1.91641e-06, 1.18528, -2.59097e-08)
bone_idx = 4

[node name="Barbarian_Round_Shield" parent="Rig/Skeleton3D" index="1"]
transform = Transform3D(0.00176957, 0.262797, 0.964849, 0.999976, -0.00689127, 4.35473e-05, 0.00666079, 0.964826, -0.262803, 0.661543, 0.627486, -0.0418458)
bone_idx = 10

[node name="1H_Axe_Offhand" parent="Rig/Skeleton3D" index="2"]
transform = Transform3D(0.00176957, 0.262797, 0.964849, 0.999976, -0.00689127, 4.35473e-05, 0.00666079, 0.964826, -0.262803, 0.51542, 0.627367, 0.0148453)
visible = false
bone_idx = 11

[node name="1H_Axe" parent="Rig/Skeleton3D" index="3"]
transform = Transform3D(0.00224099, -0.155966, -0.98776, -0.99998, -0.00613363, -0.0012996, -0.00585618, 0.987743, -0.155977, -0.495311, 0.63221, 0.140617)
bone_idx = 17

[node name="HitBoxArea3D" type="Area3D" parent="Rig/Skeleton3D/1H_Axe" index="1"]
collision_layer = 0

[node name="CollisionShape3D" type="CollisionShape3D" parent="Rig/Skeleton3D/1H_Axe/HitBoxArea3D" index="0"]
transform = Transform3D(0.999842, 0.0177676, 0.00227873, -0.0176894, 0.99938, -0.0306642, -0.00282213, 0.0306191, 0.999534, 0.216022, 0.65675, 0.0151698)
shape = SubResource("BoxShape3D_jaeif")
disabled = true

[node name="2H_Axe" parent="Rig/Skeleton3D" index="4"]
transform = Transform3D(0.00224099, -0.155966, -0.98776, -0.99998, -0.00613363, -0.0012996, -0.00585618, 0.987743, -0.155977, -0.495311, 0.63221, 0.140617)
visible = false
bone_idx = 18

[node name="Mug" parent="Rig/Skeleton3D" index="5"]
transform = Transform3D(0.00224099, -0.155966, -0.98776, -0.99998, -0.00613363, -0.0012996, -0.00585618, 0.987743, -0.155977, -0.487003, 0.33195, 0.0905104)
visible = false
bone_idx = 19

[node name="Barbarian_Hat" parent="Rig/Skeleton3D" index="6"]
transform = Transform3D(0.99972, -3.67808e-10, 0.0236466, 3.59789e-10, 1, 3.43476e-10, -0.0236466, -3.34865e-10, 0.99972, -7.55726e-09, 1.18528, -1.90862e-07)
bone_idx = 21

[node name="AnimationPlayer" parent="." index="1"]
libraries = {
&"": ExtResource("2_sq5f6")
}

[node name="AnimationPlayer2" type="AnimationPlayer" parent="." index="2"]
libraries = {
&"": SubResource("AnimationLibrary_ubqvv"),
&"barbarian_anims": ExtResource("2_sq5f6")
}

[node name="AnimationTree" type="AnimationTree" parent="." index="3"]
tree_root = ExtResource("3_p6td5")
anim_player = NodePath("../AnimationPlayer2")
parameters/conditions/is_attacking = false
parameters/conditions/is_dead = false
parameters/conditions/is_hurt = false
parameters/conditions/is_throwing = false
parameters/AttackBlend/Blend2/blend_amount = 0.7
parameters/AttackBlend/BlendSpace2D/blend_position = Vector2(1, 0)
parameters/HurtBlend/Blend2/blend_amount = 0.7
parameters/HurtBlend/Movement/blend_position = 0.00694444
parameters/Movement/blend_position = 0.00067175
parameters/ThrowBlend/Blend2/blend_amount = 0.9
parameters/ThrowBlend/BlendSpace2D/blend_position = Vector2(0, 0)
